109
110
111
44
45
39
40
12
13
46
55
112
44
32
33
48
24
25
44
45
39
40
12
13
46
55
16
17
49
55
113
44
32
33
51
28
29
44
45
39
40
12
13
46
55
20
21
52
55
114
44
32
33
51
28
29
44
32
33
51
28
29
44
45
39
40
12
13
46
55
20
21
52
55
20
21
52
55
115
44
32
33
51
28
29
44
32
33
48
24
25
44
45
39
40
12
13
46
55
16
17
49
55
20
21
52
55
116
44
32
33
48
24
25
44
32
33
51
28
29
44
45
39
40
12
13
46
55
20
21
52
55
16
17
49
55
117
44
32
33
48
24
25
44
32
33
48
24
25
44
45
39
40
12
13
46
55
16
17
49
55
16
17
49
55
118
59
64
65
67
68
69
71
84
91
28
29
92
28
29
93
24
25
96
24
25
97
32
33
100
101
104
71
84
85
86
87
88
91
28
29
92
28
29
93
24
25
96
24
25
97
32
33
100
101
104
71
84
91
28
29
92
28
29
93
24
25
96
24
25
97
32
33
100
101
104
71
84
85
86
87
88
91
28
29
24
25
32
33
100
101
104
71
84
91
28
29
24
25
32
33
100
101
104
71
84
91
28
29
24
25
32
33
100
101
104
71
84
91
28
29
24
25
32
33
100
101
104
71
84
85
86
87
88
104
119
120
